physics.addBody(walls,"static",
{shape={-120,-120, 120,-120, 120,-110, -120,-110}}
{shape={-120,110, 120,110, 120,120, -120,120}}
{shape={-120,-120, -110,-120, -110,120, -120,120}}
{shape={-80,-110, -70,-110, -70,-10, -80,-10}}
{shape={-80,20, -70,20, -70,80, -80,80}}
{shape={-70,70, 80,70, 80,80, -70,80}}
{shape={110,30, 120,30, 120,110, 110,110}}
{shape={-70,30, 110,30, 110,40, -70,40}}
{shape={-40,-80, -30,-80, -30,30, -40,30}}
{shape={-30,-80, 80,-80, 80,-70, -30,-70}}
{shape={0,-40, 120,-40, 120,-30, 0,-30}}
{shape={0,-30, 10,-30, 10,0, 0,0}}
{shape={10,-10, 120,-10, 120,0, 10,0}}
{shape={110,-110, 120,-110, 120,-40, 110,-40}}
)
